pi = 3.1415926536;
e  = 2.7182818285;
eps = 0.01;
